20001021
20001023
20001028
20001030
20001031
20001101
20001104
20001106
20001107
20001109
20001111
20001112
20001113
20001114
20001115
20001116
20001117
20001120
20001122
20001127
20001129
20001201
20001207
20001210
20001217
20001220
20001223
20001228
20001229
20010101
20010104
20010107
20010110
20010116
20010117
20010120
20010121
20010126
20010129
20010204
20010213
20010214
20010223
20010226
20010301
20010315
20010325
20010330
20010401
20010417
20010423
20010428
20010429
20010502
20010507
20010510
20010523
20010524
20010526
20010530
20010607
20010619
20010704
20010709
20010711
20010727
20010813
20010814
20010815
20010816
20010817
20010820
20010821
20010822
20010823
20010824
20010827
20010828
20010829
20010830
20010903
20010904
20010907
20010910
20010911
20010914
20010915
20010916
20010917
20010918
20010919
20010920
20010921
20010922
20010924
20010925
20010927
20010928
20010930
20011001
20011004
20011009
20011011
20011017
20011019
20011021
20011024
20011025
20011031
20011107
20011112
20011113
20011115
20011116
20011119
20011123
20011129
20011210
20011211
20011212
20011213
20011214
20011215
20011220
20011229
20020107
20020110
20020118
20020123
20020126
20020307
20020317
20020414
20020416
20020421
20020505
20020522
20020612
20020614
20020616
20020617
20020619
20020623
20020726
20020804
20020824
20020902
20020908
20021004
20030101
20030102
20030105
20030107
20030230
20030712
20030714
20030719
20031103
20040829
20040830
20040902
20040913
20040926
20041011
20041021
20041026
20041027
20041102
20050213
20050218
20050301
20050302
20050715
20061013
20061021
20061025
20061027
20061029
20061031
20061101
20061111
20070215
20080616
20080618
